Learning Rate	Train Loss	Valid Loss	Train Acc.	Valid Acc.	
0.000000	0.000000	2.302585	0.000000	9.998001	
0.000000	0.000000	2.302585	0.000000	9.998001	
0.049692	1.226945	1.423045	55.754887	51.239753	
0.049628	0.846800	0.962574	70.934583	67.136575	
0.049557	0.767519	0.796087	73.968522	73.515300	
0.049481	0.711553	0.758236	75.916484	74.585085	
0.049398	0.672310	0.759753	77.360454	74.025198	
0.049309	0.628870	0.876597	78.564430	70.695863	
0.049215	0.602070	0.922439	79.842405	69.676067	
0.049114	0.595166	0.818958	80.238397	73.515299	
0.049007	0.565510	0.902424	81.152378	69.226157	
0.048895	0.558951	0.785533	81.374374	75.754851	
0.048776	0.531521	0.705674	82.652349	76.214759	
0.048652	0.536729	0.653736	82.238357	78.604282	
0.048522	0.525091	1.083656	82.756346	66.876627	
0.048386	0.501386	0.977039	83.578330	70.455911	
0.048244	0.486790	0.782599	84.006321	75.634876	
0.048097	0.481455	0.715571	84.206317	77.024598	
0.047944	0.471199	0.594290	84.524311	81.013800	
0.047785	0.464733	0.511425	84.694308	83.823238	
0.047621	0.449767	0.873214	85.184298	73.355331	
0.047451	0.448284	0.562767	85.310295	81.413720	
0.047275	0.426451	1.235424	85.998281	64.507101	
0.047094	0.431667	0.510184	86.020281	83.933216	
0.046908	0.416261	0.569093	86.490272	82.483506	
0.046716	0.417105	0.772233	86.322275	76.914620	
0.046519	0.396238	1.046770	87.144259	67.606481	
0.046316	0.408107	0.723613	86.928263	77.754452	
0.046108	0.394167	0.876562	87.242256	72.845434	
0.045895	0.387545	0.659867	87.668249	81.203762	
0.045677	0.386814	1.113297	87.496252	68.286345	
0.045454	0.391637	0.593551	87.390254	81.093784	
0.045225	0.389901	0.594050	87.512251	81.913620	
0.044992	0.354826	0.508585	88.642228	84.093184	
0.044754	0.371293	0.582509	88.044241	82.733456	
0.044511	0.360986	0.638617	88.308235	81.113780	
0.044263	0.347702	0.564050	88.854224	81.313740	
0.044010	0.378350	0.820461	87.776246	76.274747	
0.043753	0.359439	0.699984	88.528231	78.514299	
0.043491	0.350486	0.795405	88.762226	76.724658	
0.043224	0.345044	0.543013	88.852225	83.583286	
0.042953	0.339580	0.541996	89.130219	83.473308	
0.042678	0.336439	0.736485	89.180219	78.624278	
0.042398	0.324199	0.519161	89.632210	83.363330	
0.042114	0.318718	0.796614	89.762207	79.124178	
0.041825	0.344135	0.613136	88.964223	81.763650	
0.041533	0.326840	0.924499	89.466213	72.935415	
0.041236	0.312896	0.432148	89.990202	86.672668	
0.040936	0.316979	0.822756	89.818206	76.474708	
0.040631	0.307744	0.451218	90.292197	86.232756	
0.040323	0.306347	0.479187	90.140199	85.252952	
0.040011	0.307017	0.713310	90.154199	77.914420	
0.039695	0.304860	0.699072	90.180199	78.434316	
0.039375	0.296008	0.798808	90.560192	76.534696	
0.039052	0.288367	0.613503	90.760188	81.673668	
0.038726	0.283150	0.467370	90.976184	84.903022	
0.038396	0.295189	0.671409	90.520192	80.093984	
0.038062	0.271624	0.439761	91.404175	86.842634	
0.037726	0.265682	0.526477	91.426174	83.583286	
0.037386	0.269013	0.365641	91.250178	88.582286	
0.037044	0.265583	0.410422	91.574171	86.832636	
0.036698	0.275475	0.371601	91.210179	88.172368	
0.036350	0.254327	0.739420	91.738169	79.494104	
0.035998	0.266334	0.651895	91.570171	80.593884	
0.035644	0.268797	0.726256	91.420175	78.334336	
0.035288	0.268882	0.425981	91.402175	86.872628	
0.034929	0.253025	0.479982	91.954164	85.272948	
0.034567	0.239981	0.510149	92.284158	84.933016	
0.034203	0.247909	0.379787	92.112161	87.662470	
0.033837	0.255957	0.415827	91.878166	86.892624	
0.033468	0.243199	0.570828	92.204160	82.983406	
0.033098	0.252766	0.448853	91.984163	85.902822	
0.032725	0.239055	0.484557	92.318157	85.712860	
0.032351	0.246760	0.545481	92.024163	84.473108	
0.031975	0.244817	0.482982	92.170160	84.643074	
0.031597	0.235360	0.368975	92.588152	88.752252	
0.031217	0.242580	0.624377	92.272159	81.833636	
0.030836	0.223606	0.535562	92.852147	84.823038	
0.030454	0.216176	0.373372	93.144141	88.502302	
0.030070	0.218268	0.434004	93.022143	86.732656	
0.029685	0.225222	0.371677	92.918146	88.332336	
0.029298	0.213086	0.414304	93.274139	87.152572	
0.028911	0.217021	0.477664	93.068143	86.062790	
0.028523	0.203086	0.473927	93.608132	85.972808	
0.028133	0.205893	0.592869	93.560133	83.403322	
0.027743	0.212758	0.330847	93.238140	89.572088	
0.027353	0.197723	0.411562	93.858128	88.542294	
0.026961	0.188602	0.403926	94.196121	87.942414	
0.026570	0.208545	0.392186	93.392137	88.052392	
0.026178	0.200193	0.450493	93.684131	87.212560	
0.025785	0.192426	0.494132	94.044124	84.473108	
0.025393	0.188903	0.341142	94.140122	89.562090	
0.025000	0.177425	0.320020	94.410117	90.741854	
0.024607	0.190457	0.506537	93.932126	85.072988	
0.024215	0.189426	0.402854	93.996125	88.212360	
0.023822	0.191360	0.348440	94.032124	89.632076	
0.023430	0.172029	0.307479	94.640112	90.251952	
0.023039	0.168901	0.319554	94.764109	89.782046	
0.022647	0.170890	0.344566	94.706111	89.812040	
0.022257	0.169536	0.345458	94.742110	89.522098	
0.021867	0.171964	0.431501	94.728110	87.992404	
0.021477	0.175147	0.362784	94.546114	89.362130	
0.021089	0.166340	0.568444	94.896107	83.563290	
0.020702	0.166594	1.537692	94.820109	65.686865	
0.020315	0.163076	0.524611	95.068103	85.392924	
0.019930	0.161487	0.485754	94.964106	86.562690	
0.019546	0.157727	0.318318	95.144102	90.641874	
0.019164	0.150491	0.364095	95.386097	90.002002	
0.018783	0.151672	0.426303	95.438096	87.212560	
0.018403	0.145130	0.361993	95.528094	89.532096	
0.018025	0.142180	0.290908	95.678091	91.561690	
0.017649	0.141867	0.417243	95.696091	88.482306	
0.017275	0.146406	0.318495	95.512094	90.781846	
0.016902	0.144696	0.345391	95.526094	90.411920	
0.016532	0.137449	0.310879	95.806089	90.631876	
0.016163	0.129400	0.322128	96.138082	90.291944	
0.015797	0.131143	0.336142	96.148082	90.271948	
0.015433	0.127194	0.331421	96.114082	90.451912	
0.015071	0.127766	0.361329	96.080083	89.832036	
0.014712	0.118927	0.416190	96.336078	87.952412	
0.014356	0.111709	0.280690	96.680071	92.001602	
0.014002	0.103366	0.336849	97.026064	90.591884	
0.013650	0.111119	0.329691	96.638072	90.711860	
0.013302	0.103372	0.287681	97.032064	91.851632	
0.012956	0.103230	0.299724	96.882067	91.571688	
0.012614	0.106368	0.299977	96.878067	91.811640	
0.012274	0.101430	0.311373	97.042064	91.451712	
0.011938	0.097056	0.306322	97.182061	91.631676	
0.011604	0.099458	0.289409	97.068063	91.961610	
0.011274	0.088793	0.338466	97.438055	90.911820	
0.010948	0.091592	0.375880	97.402056	89.882026	
0.010625	0.094015	0.302864	97.320058	91.881626	
0.010305	0.093259	0.283948	97.270059	91.771648	
0.009989	0.085372	0.348848	97.544053	90.481906	
0.009677	0.079196	0.291752	97.794048	91.871628	
0.009369	0.075866	0.312835	97.892046	91.541694	
0.009064	0.078564	0.322407	97.864047	91.511700	
0.008764	0.076611	0.277368	97.862046	92.591484	
0.008467	0.073262	0.322841	97.980044	91.701662	
0.008175	0.067699	0.380796	98.130041	90.151972	
0.007886	0.065808	0.274724	98.198040	92.991404	
0.007602	0.067286	0.284539	98.232039	92.681466	
0.007322	0.065996	0.325593	98.278038	91.751652	
0.007047	0.067586	0.306508	98.126041	92.071588	
0.006776	0.057731	0.365154	98.526033	90.741854	
0.006509	0.051968	0.307908	98.688029	92.091584	
0.006247	0.053393	0.303464	98.680029	92.101582	
0.005990	0.054474	0.309467	98.626031	92.321538	
0.005737	0.054357	0.267293	98.656030	93.211360	
0.005489	0.053187	0.280688	98.632030	93.111380	
0.005246	0.043761	0.322215	98.968023	91.941614	
0.005008	0.040095	0.263777	99.042022	93.551292	
0.004775	0.040620	0.290613	99.032022	92.941414	
0.004546	0.041696	0.279644	98.998023	93.141374	
0.004323	0.031342	0.264621	99.300016	93.491304	
0.004105	0.030533	0.266512	99.382014	93.511300	
0.003892	0.034652	0.265372	99.252017	93.611280	
0.003684	0.028022	0.252599	99.478012	93.611280	
0.003481	0.028253	0.256501	99.452013	93.711260	
0.003284	0.029329	0.268024	99.394014	93.561290	
0.003092	0.026578	0.247507	99.530011	94.271148	
0.002906	0.023250	0.244145	99.586010	94.471109	
0.002725	0.021891	0.245156	99.650008	94.361130	
0.002549	0.019463	0.249938	99.684008	94.451112	
0.002379	0.018575	0.260030	99.718007	94.221158	
0.002215	0.017341	0.239261	99.740006	94.621078	
0.002056	0.016269	0.243954	99.782005	94.621078	
0.001903	0.017083	0.243892	99.768006	94.271148	
0.001756	0.015596	0.239014	99.802005	94.751053	
0.001614	0.015832	0.247118	99.788005	94.311141	
0.001478	0.015563	0.239036	99.828004	94.421118	
0.001348	0.013652	0.241782	99.868003	94.881026	
0.001224	0.013450	0.235869	99.880003	94.811041	
0.001105	0.013833	0.246236	99.876003	94.511100	
0.000993	0.012879	0.246908	99.888003	94.741054	
0.000886	0.012183	0.243777	99.902002	94.771048	
0.000785	0.011519	0.239790	99.924002	94.851032	
0.000691	0.012046	0.238721	99.906002	94.801042	
0.000602	0.011684	0.235479	99.914002	94.931017	
0.000519	0.011617	0.237212	99.924002	94.981006	
0.000443	0.011679	0.235749	99.918002	94.941014	
0.000372	0.011238	0.236169	99.930002	94.971009	
0.000308	0.011409	0.237804	99.922002	95.030997	
0.000249	0.011225	0.236552	99.928002	94.871028	
0.000197	0.011193	0.240265	99.934002	94.771048	
0.000151	0.010721	0.236785	99.946001	94.851032	
0.000111	0.010666	0.233750	99.952001	94.901023	
0.000077	0.010545	0.236893	99.952001	95.030996	
0.000049	0.010795	0.242932	99.940001	94.951012	
0.000028	0.010933	0.243565	99.942001	94.801042	
0.000012	0.010462	0.242925	99.954001	94.791044	
0.000003	0.011574	0.239144	99.914002	94.811040	
